id,activity
536481337,Accepted
536481337,Accepted
536481337,Queued
536481337,Accepted
536481337,Queued
536481337,Accepted
536481337,Accepted
536481337,Accepted
536481337,Queued
536481337,Accepted
536481337,Queued
536481337,Accepted
536481337,Queued
536481337,Accepted
536481337,Accepted
536481337,Accepted
536481337,Accepted
536481337,Accepted
536481337,Completed
536481337,Completed
620858291,Accepted
620858291,Accepted
620858291,Queued
620858291,Accepted
620858291,Queued
620858291,Accepted
620858291,Queued
620858291,Accepted
620858291,Queued
620858291,Accepted
620858291,Accepted
620858291,Accepted
620858291,Completed
620858291,Completed
626766981,Queued
626766981,Queued
626766981,Accepted
626766981,Accepted
626766981,Accepted
626766981,Accepted
626766981,Accepted
626766981,Accepted
626766981,Accepted
626766981,Completed
626766981,Completed
658045761,Queued
658045761,Accepted
658045761,Queued
658045761,Accepted
658045761,Accepted
658045761,Accepted
658045761,Accepted
658045761,Accepted
658045761,Accepted
658045761,Completed
658045761,Completed
660218981,Queued
660218981,Accepted
660218981,Accepted
660218981,Queued
660218981,Accepted
660218981,Queued
660218981,Accepted
660218981,Queued
660218981,Accepted
660218981,Accepted
660218981,Accepted
660218981,Completed
660218981,Completed
660730501,Accepted
660730501,Accepted
660730501,Queued
660730501,Accepted
660730501,Accepted
660730501,Accepted
660730501,Queued
660730501,Accepted
660730501,Accepted
660730501,Accepted
660730501,Accepted
660730501,Accepted
660730501,Queued
660730501,Queued
660730501,Accepted
660730501,Accepted
660730501,Queued
660730501,Accepted
660730501,Accepted
660730501,Accepted
660730501,Queued
660730501,Accepted
660730501,Accepted
660730501,Queued
660730501,Accepted
660730501,Accepted
660730501,Accepted
660730501,Completed
660730501,Completed
673825643,Accepted
673825643,Accepted
673825643,Accepted
673825643,Queued
673825643,Accepted
673825643,Accepted
673825643,Completed
673825643,Completed
686580161,Queued
686580161,Queued
686580161,Queued
686580161,Accepted
686580161,Accepted
686580161,Completed
686580161,Completed
691794481,Accepted
691794481,Accepted
691794481,Accepted
691794481,Queued
691794481,Accepted
691794481,Accepted
691794481,Accepted
691794481,Accepted
691794481,Queued
691794481,Accepted
691794481,Accepted
691794481,Accepted
691794481,Accepted
691794481,Accepted
691794481,Completed
691794481,Completed
691794481,Queued
691794481,Accepted
691794481,Accepted
691794481,Accepted
691794481,Accepted
691794481,Completed
691794481,Completed
691794481,Queued
691794481,Accepted
691794481,Accepted
691794481,Accepted
691794481,Accepted
691794481,Accepted
691794481,Accepted
691794481,Accepted
691794481,Accepted
691794481,Completed
691794481,Completed
695298616,Accepted
695298616,Accepted
695298616,Accepted
695298616,Accepted
695298616,Completed
695298616,Completed
699655497,Accepted
699655497,Accepted
699655497,Accepted
699655497,Queued
699655497,Accepted
699655497,Completed
699655497,Completed
700205396,Accepted
700205396,Accepted
700205396,Queued
700205396,Accepted
700205396,Accepted
700205396,Completed
700205396,Completed
701820421,Accepted
701820421,Accepted
701820421,Queued
701820421,Queued
701820421,Accepted
701820421,Accepted
701820421,Accepted
701820421,Queued
701820421,Accepted
701820421,Queued
701820421,Accepted
701820421,Accepted
701820421,Completed
701820421,Accepted
701820421,Queued
701820421,Accepted
701820421,Queued
701820421,Accepted
701820421,Accepted
701820421,Queued
701820421,Accepted
701820421,Accepted
701820421,Accepted
701820421,Accepted
701820421,Queued
701820421,Accepted
701820421,Queued
701820421,Accepted
701820421,Accepted
701820421,Completed
701820421,Completed
702542377,Accepted
702542377,Accepted
702542377,Accepted
702542377,Accepted
702542377,Queued
702542377,Accepted
702542377,Queued
702542377,Accepted
702542377,Completed
702542377,Completed
704940021,Accepted
704940021,Accepted
704940021,Accepted
704940021,Completed
704940021,Completed
704940021,Queued
704940021,Accepted
704940021,Completed
704940021,Completed
707231563,Accepted
707231563,Accepted
707231563,Queued
707231563,Accepted
707231563,Accepted
707231563,Accepted
707231563,Accepted
707231563,Accepted
707231563,Accepted
707231563,Queued
707231563,Accepted
707231563,Queued
707231563,Queued
707231563,Accepted
707231563,Accepted
707231563,Accepted
707231563,Accepted
707231563,Accepted
707231563,Accepted
707231563,Accepted
707231563,Completed
707231563,Completed
708954745,Accepted
708954745,Accepted
708954745,Queued
708954745,Accepted
708954745,Accepted
708954745,Completed
708954745,Completed
709033790,Accepted
709033790,Accepted
709033790,Queued
709033790,Accepted
709033790,Queued
709033790,Accepted
709033790,Accepted
709033790,Queued
709033790,Accepted
709033790,Queued
709033790,Accepted
709033790,Accepted
709033790,Queued
709033790,Accepted
709033790,Accepted
709033790,Accepted
709033790,Queued
709033790,Accepted
709033790,Accepted
709033790,Queued
709033790,Accepted
709033790,Accepted
709033790,Accepted
709033790,Queued
709033790,Accepted
709033790,Accepted
709033790,Queued
709033790,Queued
709033790,Accepted
709033790,Accepted
709033790,Accepted
709033790,Accepted
709033790,Queued
709033790,Accepted
709033790,Accepted
709033790,Completed
709033790,Completed
709437564,Accepted
709437564,Accepted
709437564,Queued
709437564,Accepted
709437564,Accepted
709437564,Accepted
709437564,Accepted
709437564,Accepted
709437564,Queued
709437564,Accepted
709437564,Queued
709437564,Accepted
709437564,Queued
709437564,Accepted
709437564,Accepted
709437564,Accepted
709437564,Accepted
709437564,Accepted
709437564,Accepted
709437564,Accepted
709437564,Completed
709437564,Completed
710083831,Queued
710083831,Accepted
710083831,Queued
710083831,Accepted
710083831,Accepted
710083831,Accepted
710083831,Accepted
710083831,Accepted
710083831,Accepted
710083831,Accepted
710083831,Queued
710083831,Accepted
710083831,Queued
710083831,Accepted
710083831,Accepted
710083831,Accepted
710083831,Accepted
710083831,Accepted
710083831,Accepted
710083831,Accepted
710083831,Completed
710083831,Completed
710211491,Accepted
710211491,Accepted
710211491,Queued
710211491,Accepted
710211491,Queued
710211491,Accepted
710211491,Accepted
710211491,Accepted
710211491,Accepted
710211491,Completed
710211491,Completed
712891909,Accepted
712891909,Accepted
712891909,Queued
712891909,Accepted
712891909,Accepted
712891909,Queued
712891909,Accepted
712891909,Accepted
712891909,Accepted
712891909,Accepted
712891909,Accepted
712891909,Completed
712891909,Completed
717918214,Queued
717918214,Accepted
717918214,Queued
717918214,Queued
717918214,Completed
717918214,Completed
717977915,Accepted
717977915,Accepted
717977915,Queued
717977915,Accepted
717977915,Accepted
717977915,Queued
717977915,Accepted
717977915,Accepted
717977915,Accepted
717977915,Completed
717977915,Completed
719410841,Accepted
719410841,Accepted
719410841,Queued
719410841,Accepted
719410841,Queued
719410841,Accepted
719410841,Queued
719410841,Queued
719410841,Accepted
719410841,Queued
719410841,Accepted
719410841,Queued
719410841,Queued
719410841,Accepted
719410841,Queued
719410841,Accepted
719410841,Accepted
719410841,Accepted
719410841,Completed
719410841,Completed
720183338,Accepted
720183338,Accepted
720183338,Accepted
720183338,Accepted
720183338,Queued
720183338,Accepted
720183338,Accepted
720183338,Completed
720183338,Accepted
720183338,Queued
720183338,Accepted
720183338,Accepted
720183338,Accepted
720183338,Queued
720183338,Accepted
720183338,Accepted
720183338,Accepted
720183338,Accepted
720183338,Accepted
720183338,Accepted
720183338,Accepted
720183338,Accepted
720183338,Accepted
720183338,Queued
720183338,Accepted
720183338,Accepted
720183338,Accepted
720183338,Accepted
720183338,Accepted
720183338,Accepted
720183338,Accepted
720183338,Completed
720183338,Completed
720210419,Accepted
720210419,Accepted
720210419,Queued
720210419,Accepted
720210419,Accepted
720210419,Completed
720210419,Completed
720472355,Accepted
720472355,Accepted
720472355,Queued
720472355,Accepted
720472355,Queued
720472355,Accepted
720472355,Completed
720472355,Completed
722180065,Accepted
722180065,Accepted
722180065,Queued
722180065,Accepted
722180065,Accepted
722180065,Accepted
722180065,Accepted
722180065,Accepted
722180065,Accepted
722180065,Accepted
722180065,Completed
722180065,Completed
722306467,Accepted
722306467,Accepted
722306467,Queued
722306467,Accepted
722306467,Accepted
722306467,Completed
722306467,Completed
722410869,Accepted
722410869,Accepted
722410869,Queued
722410869,Accepted
722410869,Accepted
722410869,Completed
722410869,Completed
722446422,Accepted
722446422,Accepted
722446422,Queued
722446422,Accepted
722446422,Queued
722446422,Accepted
722446422,Queued
722446422,Accepted
722446422,Accepted
722446422,Accepted
722446422,Accepted
722446422,Accepted
722446422,Accepted
722446422,Completed
722446422,Completed
722579031,Accepted
722579031,Accepted
722579031,Queued
722579031,Accepted
722579031,Queued
722579031,Accepted
722579031,Accepted
722579031,Completed
722579031,Completed
726844205,Accepted
726844205,Accepted
726844205,Queued
726844205,Accepted
726844205,Accepted
726844205,Completed
726844205,Completed
727074774,Accepted
727074774,Accepted
727074774,Queued
727074774,Accepted
727074774,Queued
727074774,Queued
727074774,Accepted
727074774,Queued
727074774,Accepted
727074774,Accepted
727074774,Accepted
727074774,Accepted
727074774,Queued
727074774,Accepted
727074774,Accepted
727074774,Accepted
727074774,Accepted
727074774,Accepted
727074774,Accepted
727074774,Accepted
727074774,Accepted
727074774,Completed
727074774,Accepted
727074774,Accepted
727074774,Queued
727074774,Accepted
727074774,Accepted
727074774,Accepted
727074774,Queued
727074774,Queued
727074774,Accepted
727074774,Accepted
727074774,Accepted
727074774,Queued
727074774,Accepted
727074774,Accepted
727074774,Queued
727074774,Accepted
727074774,Queued
727074774,Accepted
727074774,Accepted
727074774,Accepted
727074774,Completed
727074774,Completed
727123066,Accepted
727123066,Accepted
727123066,Queued
727123066,Accepted
727123066,Accepted
727123066,Accepted
727123066,Queued
727123066,Accepted
727123066,Accepted
727123066,Completed
727123066,Completed
728261720,Accepted
728261720,Accepted
728261720,Queued
728261720,Accepted
728261720,Accepted
728261720,Completed
728261720,Completed
728429698,Accepted
728429698,Accepted
728429698,Queued
728429698,Accepted
728429698,Queued
728429698,Accepted
728429698,Queued
728429698,Accepted
728429698,Accepted
728429698,Accepted
728429698,Accepted
728429698,Accepted
728429698,Accepted
728429698,Accepted
728429698,Completed
728429698,Accepted
728429698,Queued
728429698,Accepted
728429698,Queued
728429698,Accepted
728429698,Queued
728429698,Accepted
728429698,Accepted
728429698,Accepted
728429698,Accepted
728429698,Accepted
728429698,Queued
728429698,Accepted
728429698,Accepted
728429698,Completed
728429698,Completed
728604095,Accepted
728604095,Accepted
728604095,Accepted
728604095,Accepted
728604095,Accepted
728604095,Accepted
728604095,Accepted
728604095,Completed
729315411,Queued
729315411,Queued
729315411,Queued
729315411,Accepted
729315411,Queued
729315411,Accepted
729315411,Accepted
729315411,Accepted
729315411,Completed
729315411,Completed
729315431,Queued
729315431,Queued
729315431,Accepted
729315431,Completed
729315431,Completed
729424427,Accepted
729424427,Accepted
729424427,Queued
729424427,Accepted
729424427,Accepted
729424427,Accepted
729424427,Queued
729424427,Accepted
729424427,Completed
729424427,Completed
729512860,Accepted
729512860,Accepted
729512860,Accepted
729512860,Queued
729512860,Accepted
729512860,Accepted
729512860,Accepted
729512860,Accepted
729512860,Accepted
729512860,Accepted
729512860,Accepted
729512860,Accepted
729512860,Accepted
729512860,Accepted
729512860,Queued
729512860,Accepted
729512860,Accepted
729512860,Accepted
729512860,Completed
729512860,Completed
729556366,Accepted
729556366,Accepted
729556366,Queued
729556366,Accepted
729556366,Accepted
729556366,Queued
729556366,Accepted
729556366,Accepted
729556366,Accepted
729556366,Accepted
729556366,Accepted
729556366,Accepted
729556366,Accepted
729556366,Accepted
729556366,Accepted
729556366,Accepted
729556366,Accepted
729556366,Completed
729556366,Queued
729556366,Accepted
729556366,Accepted
729556366,Accepted
729556366,Accepted
729556366,Accepted
729556366,Completed
729556366,Completed
729585074,Accepted
729585074,Accepted
729585074,Queued
729585074,Accepted
729585074,Accepted
729585074,Accepted
729585074,Completed
729585074,Completed
729710911,Accepted
729710911,Accepted
729710911,Accepted
729710911,Completed
729710911,Completed
729724503,Accepted
729724503,Accepted
729724503,Accepted
729724503,Accepted
729724503,Completed
729724503,Completed
729724503,Completed
729769884,Accepted
729769884,Accepted
729769884,Queued
729769884,Accepted
729769884,Accepted
729769884,Queued
729769884,Accepted
729769884,Accepted
729769884,Accepted
729769884,Queued
729769884,Accepted
729769884,Accepted
729769884,Accepted
729769884,Completed
729769884,Completed
729769884,Accepted
729769884,Queued
729769884,Accepted
729769884,Accepted
729769884,Accepted
729769884,Accepted
729769884,Accepted
729769884,Completed
729769884,Completed
729775220,Accepted
729775220,Accepted
729775220,Queued
729775220,Accepted
729775220,Accepted
729775220,Accepted
729775220,Accepted
729775220,Accepted
729775220,Queued
729775220,Accepted
729775220,Accepted
729775220,Accepted
729775220,Accepted
729775220,Accepted
729775220,Queued
729775220,Accepted
729775220,Accepted
729775220,Queued
729775220,Accepted
729775220,Accepted
729775220,Accepted
729775220,Accepted
729775220,Queued
729775220,Accepted
729775220,Queued
729775220,Accepted
729775220,Accepted
729775220,Accepted
729775220,Accepted
729775220,Accepted
729775220,Completed
729775220,Completed
729809195,Accepted
729809195,Accepted
729809195,Queued
729809195,Accepted
729809195,Queued
729809195,Accepted
729809195,Queued
729809195,Accepted
729809195,Queued
729809195,Accepted
729809195,Accepted
729809195,Accepted
729809195,Accepted
729809195,Queued
729809195,Accepted
729809195,Queued
729809195,Accepted
729809195,Accepted
729809195,Accepted
729809195,Accepted
729809195,Accepted
729809195,Completed
729809195,Completed
730069683,Accepted
730069683,Accepted
730069683,Queued
730069683,Accepted
730069683,Queued
730069683,Accepted
730069683,Queued
730069683,Accepted
730069683,Completed
730069683,Completed
730550796,Accepted
730550796,Accepted
730550796,Accepted
730550796,Completed
730550796,Completed
730589790,Accepted
730589790,Accepted
730589790,Queued
730589790,Accepted
730589790,Accepted
730589790,Accepted
730589790,Accepted
730589790,Accepted
730589790,Accepted
730589790,Accepted
730589790,Accepted
730589790,Accepted
730589790,Accepted
730589790,Accepted
730589790,Completed
730589790,Completed
730661976,Accepted
730661976,Accepted
730661976,Queued
730661976,Accepted
730661976,Queued
730661976,Accepted
730661976,Accepted
730661976,Accepted
730661976,Accepted
730661976,Accepted
730661976,Queued
730661976,Accepted
730661976,Queued
730661976,Accepted
730661976,Accepted
730661976,Accepted
730661976,Queued
730661976,Accepted
730661976,Queued
730661976,Accepted
730661976,Queued
730661976,Accepted
730661976,Queued
730661976,Accepted
730661976,Queued
730661976,Accepted
730661976,Queued
730661976,Accepted
730661976,Queued
730661976,Accepted
730661976,Accepted
730661976,Accepted
730661976,Queued
730661976,Accepted
730661976,Queued
730661976,Accepted
730661976,Queued
730661976,Accepted
730661976,Queued
730661976,Accepted
730661976,Queued
730661976,Accepted
730661976,Accepted
730661976,Accepted
730661976,Queued
730661976,Accepted
730661976,Queued
730661976,Accepted
730661976,Accepted
730661976,Accepted
730661976,Queued
730661976,Accepted
730661976,Queued
730661976,Accepted
730661976,Accepted
730661976,Accepted
730661976,Queued
730661976,Accepted
730661976,Accepted
730661976,Accepted
730661976,Completed
730661976,Completed
730760509,Accepted
730760509,Accepted
730760509,Completed
730760509,Accepted
730760509,Accepted
730760509,Accepted
730760509,Queued
730760509,Accepted
730760509,Queued
730760509,Accepted
730760509,Queued
730760509,Accepted
730760509,Queued
730760509,Accepted
730760509,Accepted
730760509,Accepted
730760509,Completed
730760509,Completed
730784738,Accepted
730784738,Accepted
730784738,Accepted
730784738,Accepted
730784738,Accepted
730784738,Queued
730784738,Accepted
730784738,Accepted
730784738,Accepted
730784738,Queued
730784738,Accepted
730784738,Completed
730784738,Completed
730901381,Queued
730901381,Accepted
730901381,Queued
730901381,Accepted
730901381,Accepted
730901381,Accepted
730901381,Accepted
730901381,Completed
730901381,Completed
730901884,Queued
730901884,Accepted
730901884,Accepted
730901884,Queued
730901884,Accepted
730901884,Queued
730901884,Accepted
730901884,Accepted
730901884,Completed
730901884,Completed
730957431,Accepted
730957431,Accepted
730957431,Queued
730957431,Accepted
730957431,Accepted
730957431,Completed
730957431,Completed
730969091,Queued
730969091,Accepted
730969091,Accepted
730969091,Completed
730969091,Completed
731102081,Accepted
731102081,Accepted
731102081,Queued
731102081,Accepted
731102081,Completed
731102081,Completed
731102310,Accepted
731102310,Accepted
731102310,Queued
731102310,Accepted
731102310,Accepted
731102310,Completed
731102310,Completed
731142897,Accepted
731142897,Accepted
731142897,Queued
731142897,Accepted
731142897,Accepted
731142897,Queued
731142897,Accepted
731142897,Queued
731142897,Accepted
731142897,Queued
731142897,Accepted
731142897,Queued
731142897,Accepted
731142897,Queued
731142897,Accepted
731142897,Accepted
731142897,Accepted
731142897,Queued
731142897,Accepted
731142897,Queued
731142897,Accepted
731142897,Accepted
731142897,Accepted
731142897,Accepted
731142897,Queued
731142897,Accepted
731142897,Accepted
731142897,Queued
731142897,Accepted
731142897,Accepted
731142897,Accepted
731142897,Queued
731142897,Accepted
731142897,Accepted
731142897,Completed
731142897,Completed
731276779,Accepted
731276779,Accepted
731276779,Accepted
731276779,Accepted
731276779,Completed
731330695,Accepted
731330695,Accepted
731330695,Queued
731330695,Accepted
731330695,Accepted
731330695,Completed
731330695,Completed
731336210,Queued
731336210,Accepted
731336210,Queued
731336210,Accepted
731336210,Completed
731336210,Completed
731764032,Accepted
731764032,Accepted
731764032,Queued
731764032,Accepted
731764032,Queued
731764032,Accepted
731764032,Queued
731764032,Accepted
731764032,Completed
731764032,Completed
731830361,Queued
731830361,Accepted
731830361,Accepted
731830361,Accepted
731830361,Accepted
731830361,Accepted
731830361,Accepted
731830361,Accepted
731830361,Accepted
731830361,Accepted
731830361,Queued
731830361,Accepted
731830361,Queued
731830361,Accepted
731830361,Accepted
731830361,Accepted
731830361,Accepted
731830361,Accepted
731830361,Accepted
731830361,Accepted
731830361,Completed
731830361,Queued
731830361,Accepted
731830361,Accepted
731830361,Accepted
731830361,Completed
731830361,Completed
731869101,Queued
731869101,Accepted
731869101,Accepted
731869101,Accepted
731869101,Accepted
731869101,Accepted
731869101,Completed
731869101,Completed
731897193,Accepted
731897193,Accepted
731897193,Accepted
731897193,Accepted
731897193,Queued
731897193,Accepted
731897193,Queued
731897193,Accepted
731897193,Queued
731897193,Accepted
731897193,Queued
731897193,Accepted
731897193,Queued
731897193,Accepted
731897193,Accepted
731897193,Accepted
731897193,Accepted
731897193,Accepted
731897193,Queued
731897193,Accepted
731897193,Queued
731897193,Accepted
731897193,Accepted
731897193,Accepted
731897193,Accepted
731897193,Accepted
731897193,Accepted
731897193,Accepted
731897193,Accepted
731897193,Queued
731897193,Accepted
731897193,Completed
731897193,Completed
731923244,Accepted
731923244,Accepted
731923244,Accepted
731923244,Accepted
731923244,Queued
731923244,Accepted
731923244,Completed
731923244,Completed
732098363,Accepted
732098363,Accepted
732098363,Queued
732098363,Accepted
732098363,Queued
732098363,Accepted
732098363,Accepted
732098363,Accepted
732098363,Accepted
732098363,Accepted
732098363,Completed
732098363,Completed
732173541,Accepted
732173541,Accepted
732173541,Queued
732173541,Accepted
732173541,Accepted
732173541,Completed
732173541,Completed
732261411,Queued
732261411,Accepted
732261411,Queued
732261411,Accepted
732261411,Accepted
732261411,Accepted
732261411,Queued
732261411,Accepted
732261411,Queued
732261411,Accepted
732261411,Accepted
732261411,Accepted
732261411,Queued
732261411,Accepted
732261411,Queued
732261411,Accepted
732261411,Accepted
732261411,Accepted
732261411,Completed
732261411,Completed
732261891,Queued
732261891,Accepted
732261891,Accepted
732261891,Accepted
732261891,Accepted
732261891,Accepted
732261891,Queued
732261891,Accepted
732261891,Accepted
732261891,Accepted
732261891,Accepted
732261891,Accepted
732261891,Accepted
732261891,Accepted
732261891,Accepted
732261891,Accepted
732261891,Accepted
732261891,Accepted
732261891,Accepted
732261891,Accepted
732261891,Completed
732261891,Completed
732469478,Accepted
732469478,Accepted
732469478,Completed
732904675,Accepted
732904675,Accepted
732904675,Completed
732904675,Accepted
732904675,Accepted
732904675,Accepted
732904675,Completed
732904675,Completed
734673591,Queued
734673591,Accepted
734673591,Accepted
734673591,Accepted
734673591,Completed
734673591,Completed
734756057,Accepted
734756057,Accepted
734756057,Queued
734756057,Accepted
734756057,Queued
734756057,Accepted
734756057,Accepted
734756057,Accepted
734756057,Accepted
734756057,Accepted
734756057,Accepted
734756057,Completed
734756057,Completed
734776701,Accepted
734776701,Accepted
734776701,Accepted
734776701,Queued
734776701,Accepted
734776701,Accepted
734776701,Completed
734776701,Completed
734796892,Accepted
734796892,Accepted
734796892,Queued
734796892,Accepted
734796892,Queued
734796892,Accepted
734796892,Queued
734796892,Accepted
734796892,Queued
734796892,Accepted
734796892,Queued
734796892,Accepted
734796892,Accepted
734796892,Accepted
734796892,Accepted
734796892,Completed
734796892,Completed
734805965,Accepted
734805965,Accepted
734805965,Queued
734805965,Accepted
734805965,Accepted
734805965,Accepted
734805965,Completed
734805965,Completed
734805965,Accepted
734805965,Queued
734805965,Accepted
734805965,Queued
734805965,Accepted
734805965,Accepted
734805965,Completed
734805965,Completed
734812081,Queued
734812081,Accepted
734812081,Accepted
734812081,Accepted
734812081,Accepted
734812081,Accepted
734812081,Queued
734812081,Queued
734812081,Accepted
734812081,Queued
734812081,Queued
734812081,Accepted
734812081,Queued
734812081,Accepted
734812081,Accepted
734812081,Accepted
734812081,Accepted
734812081,Accepted
734812081,Completed
734812081,Completed
734812391,Queued
734812391,Accepted
734812391,Queued
734812391,Accepted
734812391,Queued
734812391,Accepted
734812391,Accepted
734812391,Accepted
734812391,Accepted
734812391,Accepted
734812391,Queued
734812391,Accepted
734812391,Accepted
734812391,Accepted
734812391,Accepted
734812391,Accepted
734812391,Accepted
734812391,Completed
734812391,Completed
734812591,Queued
734812591,Accepted
734812591,Accepted
734812591,Queued
734812591,Accepted
734812591,Accepted
734812591,Accepted
734812591,Accepted
734812591,Accepted
734812591,Accepted
734812591,Accepted
734812591,Accepted
734812591,Completed
734812591,Completed
734847634,Accepted
734847634,Accepted
734847634,Queued
734847634,Accepted
734847634,Completed
734847634,Completed
734904368,Accepted
734904368,Accepted
734904368,Queued
734904368,Accepted
734904368,Queued
734904368,Accepted
734904368,Accepted
734904368,Accepted
734904368,Queued
734904368,Accepted
734904368,Queued
734904368,Accepted
734904368,Accepted
734904368,Accepted
734904368,Completed
734904368,Completed
734910992,Accepted
734910992,Accepted
734910992,Queued
734910992,Accepted
734910992,Queued
734910992,Accepted
734910992,Accepted
734910992,Completed
734910992,Completed
734954390,Accepted
734954390,Accepted
734954390,Accepted
734954390,Queued
734954390,Accepted
734954390,Queued
734954390,Accepted
734954390,Queued
734954390,Accepted
734954390,Accepted
734954390,Accepted
734954390,Accepted
734954390,Accepted
734954390,Accepted
734954390,Completed
734954390,Completed
734968637,Accepted
734968637,Accepted
734968637,Queued
734968637,Accepted
734968637,Queued
734968637,Accepted
734968637,Completed
734968637,Completed
734973156,Accepted
734973156,Accepted
734973156,Queued
734973156,Queued
734973156,Accepted
734973156,Completed
734973156,Completed
734973156,Accepted
734973156,Completed
734973156,Completed
735037660,Accepted
735037660,Accepted
735037660,Accepted
735037660,Queued
735037660,Accepted
735037660,Accepted
735037660,Accepted
735037660,Accepted
735037660,Completed
735037660,Completed
735071006,Accepted
735071006,Accepted
735071006,Accepted
735071006,Accepted
735071006,Accepted
735071006,Accepted
735071006,Accepted
735071006,Accepted
735071006,Accepted
735071006,Accepted
735071006,Accepted
735071006,Accepted
735071006,Completed
735071006,Completed
735093723,Accepted
735093723,Accepted
735093723,Queued
735093723,Accepted
735093723,Queued
735093723,Accepted
735093723,Queued
735093723,Accepted
735093723,Queued
735093723,Queued
735093723,Accepted
735093723,Queued
735093723,Accepted
735093723,Queued
735093723,Accepted
735093723,Accepted
735093723,Accepted
735093723,Accepted
735093723,Queued
735093723,Accepted
735093723,Queued
735093723,Accepted
735093723,Accepted
735093723,Accepted
735093723,Queued
735093723,Accepted
735093723,Queued
735093723,Accepted
735093723,Queued
735093723,Accepted
735093723,Queued
735093723,Accepted
735093723,Accepted
735093723,Accepted
735093723,Accepted
735093723,Completed
735093723,Completed
735119457,Accepted
735119457,Accepted
735119457,Accepted
735119457,Completed
735119457,Completed
735168591,Queued
735168591,Accepted
735168591,Queued
735168591,Accepted
735168591,Completed
735168591,Queued
735168591,Accepted
735168591,Completed
735168591,Completed
735168641,Queued
735168641,Accepted
735168641,Accepted
735168641,Accepted
735168641,Accepted
735168641,Queued
735168641,Accepted
735168641,Accepted
735168641,Accepted
735168641,Completed
735168641,Completed
735177798,Accepted
735177798,Accepted
735177798,Queued
735177798,Accepted
735177798,Accepted
735177798,Completed
735177798,Completed
735262773,Accepted
735262773,Accepted
735262773,Accepted
735262773,Queued
735262773,Accepted
735262773,Queued
735262773,Accepted
735262773,Accepted
735262773,Accepted
735262773,Accepted
735262773,Accepted
735262773,Accepted
735262773,Accepted
735262773,Accepted
735262773,Completed
735262773,Completed
735918241,Queued
735918241,Accepted
735918241,Accepted
735918241,Accepted
735918241,Accepted
735918241,Completed
735918241,Completed
735931819,Queued
735931819,Queued
735931819,Accepted
735931819,Queued
735931819,Accepted
735931819,Completed
735931819,Completed
736319805,Accepted
736319805,Accepted
736319805,Completed
736319805,Accepted
736319805,Accepted
736319805,Queued
736319805,Accepted
736319805,Queued
736319805,Accepted
736319805,Queued
736319805,Accepted
736319805,Accepted
736319805,Accepted
736319805,Completed
736319805,Completed
736369947,Accepted
736369947,Accepted
736369947,Accepted
736369947,Accepted
736369947,Completed
736369947,Completed
736433217,Accepted
736433217,Accepted
736433217,Queued
736433217,Accepted
736433217,Queued
736433217,Accepted
736433217,Accepted
736433217,Accepted
736433217,Accepted
736433217,Accepted
736433217,Completed
736433217,Completed
736484525,Accepted
736484525,Accepted
736484525,Queued
736484525,Accepted
736484525,Accepted
736484525,Accepted
736484525,Accepted
736484525,Accepted
736484525,Queued
736484525,Accepted
736484525,Accepted
736484525,Accepted
736484525,Accepted
736484525,Accepted
736484525,Accepted
736484525,Accepted
736484525,Accepted
736484525,Accepted
736484525,Accepted
736484525,Accepted
736484525,Accepted
736484525,Accepted
736484525,Completed
736484525,Completed
736499091,Queued
736499091,Queued
736499091,Accepted
736499091,Completed
736499091,Completed
736499271,Queued
736499271,Queued
736499271,Queued
736499271,Accepted
736499271,Queued
736499271,Queued
736499271,Accepted
736499271,Queued
736499271,Accepted
736499271,Queued
736499271,Accepted
736499271,Completed
736499271,Completed
736503159,Accepted
736503159,Accepted
736503159,Accepted
736503159,Queued
736503159,Accepted
736503159,Accepted
736503159,Completed
736503159,Completed
736534836,Accepted
736534836,Accepted
736534836,Queued
736534836,Accepted
736534836,Accepted
736534836,Accepted
736534836,Accepted
736534836,Accepted
736534836,Completed
736534836,Completed
736593831,Accepted
736593831,Accepted
736593831,Queued
736593831,Accepted
736593831,Accepted
736593831,Accepted
736593831,Completed
736593831,Completed
736615794,Accepted
736615794,Accepted
736615794,Queued
736615794,Queued
736615794,Accepted
736615794,Accepted
736615794,Completed
736615794,Completed
736645764,Accepted
736645764,Accepted
736645764,Accepted
736645764,Completed
736645764,Completed
736674681,Queued
736674681,Accepted
736674681,Accepted
736674681,Accepted
736674681,Queued
736674681,Accepted
736674681,Accepted
736674681,Accepted
736674681,Completed
736674681,Completed
736676599,Accepted
736676599,Accepted
736676599,Queued
736676599,Accepted
736676599,Completed
736676599,Completed
736707986,Accepted
736707986,Accepted
736707986,Queued
736707986,Accepted
736707986,Completed
736707986,Completed
736717829,Accepted
736717829,Accepted
736717829,Queued
736717829,Accepted
736717829,Accepted
736717829,Queued
736717829,Accepted
736717829,Accepted
736717829,Completed
736717829,Completed
736720549,Accepted
736720549,Accepted
736720549,Queued
736720549,Accepted
736720549,Queued
736720549,Accepted
736720549,Accepted
736720549,Completed
736720549,Completed
736720688,Accepted
736720688,Accepted
736720688,Queued
736720688,Accepted
736720688,Queued
736720688,Accepted
736720688,Queued
736720688,Accepted
736720688,Queued
736720688,Accepted
736720688,Completed
736720688,Completed
737310659,Queued
737310659,Accepted
737310659,Completed
737310659,Completed
737321297,Accepted
737321297,Accepted
737321297,Queued
737321297,Accepted
737321297,Queued
737321297,Accepted
737321297,Queued
737321297,Accepted
737321297,Queued
737321297,Accepted
737321297,Accepted
737321297,Accepted
737321297,Accepted
737321297,Completed
737321297,Completed
737336823,Accepted
737336823,Accepted
737336823,Queued
737336823,Accepted
737336823,Accepted
737336823,Accepted
737336823,Queued
737336823,Queued
737336823,Accepted
737336823,Queued
737336823,Accepted
737336823,Completed
737336823,Completed
737338031,Accepted
737338031,Accepted
737338031,Completed
737338118,Accepted
737338118,Accepted
737338118,Accepted
737338118,Completed
737338118,Completed
737346409,Accepted
737346409,Accepted
737346409,Completed
737350346,Accepted
737350346,Accepted
737350346,Completed
737356801,Accepted
737356801,Accepted
737356801,Completed
737356801,Completed
737375093,Accepted
737375093,Accepted
737375093,Accepted
737375093,Queued
737375093,Accepted
737375093,Queued
737375093,Accepted
737375093,Queued
737375093,Accepted
737375093,Accepted
737375093,Accepted
737375093,Accepted
737375093,Queued
737375093,Accepted
737375093,Queued
737375093,Accepted
737375093,Accepted
737375093,Accepted
737375093,Completed
737375093,Completed
737379081,Accepted
737379081,Accepted
737379081,Queued
737379081,Accepted
737379081,Completed
737379081,Completed
737380241,Queued
737380241,Accepted
737380241,Accepted
737380241,Accepted
737380241,Completed
737380241,Completed
737393285,Accepted
737393285,Accepted
737393285,Accepted
737393285,Completed
737393285,Completed
737400919,Accepted
737400919,Accepted
737400919,Completed
737405436,Queued
737405436,Accepted
737405436,Completed
737405436,Completed
737407112,Accepted
737407112,Accepted
737407112,Completed
737407432,Accepted
737407432,Accepted
737407432,Completed
737420251,Accepted
737420251,Accepted
737420251,Completed
737422447,Queued
737422447,Accepted
737422447,Completed
737422447,Completed
737425061,Accepted
737425061,Accepted
737425061,Accepted
737425061,Accepted
737425061,Completed
737464711,Accepted
737464711,Accepted
737464711,Queued
737464711,Accepted
737464711,Completed
737464711,Completed
738147271,Accepted
738147271,Accepted
738147271,Queued
738147271,Accepted
738147271,Accepted
738147271,Accepted
738147271,Completed
738147271,Completed
738155863,Accepted
738155863,Accepted
738155863,Queued
738155863,Accepted
738155863,Completed
738155863,Completed
738157925,Accepted
738157925,Accepted
738157925,Queued
738157925,Accepted
738157925,Accepted
738157925,Accepted
738157925,Accepted
738157925,Completed
738157925,Completed
738157938,Accepted
738157938,Accepted
738157938,Accepted
738157938,Queued
738157938,Queued
738157938,Accepted
738157938,Completed
738157938,Completed
738158129,Accepted
738158129,Accepted
738158129,Completed
738163099,Accepted
738163099,Accepted
738163099,Completed
738168038,Accepted
738168038,Accepted
738168038,Completed
738177380,Accepted
738177380,Accepted
738177380,Completed
738177380,Completed
738177789,Accepted
738177789,Accepted
738177789,Queued
738177789,Accepted
738177789,Queued
738177789,Accepted
738177789,Accepted
738177789,Completed
738177789,Completed
738189425,Accepted
738189425,Accepted
738189425,Queued
738189425,Accepted
738189425,Accepted
738189425,Accepted
738189425,Completed
738189425,Completed
738190091,Queued
738190091,Queued
738190091,Queued
738190091,Accepted
738190091,Queued
738190091,Accepted
738190091,Accepted
738190091,Queued
738190091,Accepted
738190091,Queued
738190091,Accepted
738190091,Completed
738190091,Queued
738190091,Accepted
738190091,Accepted
738190091,Completed
738190091,Completed
738193198,Accepted
738193198,Accepted
738193198,Queued
738193198,Accepted
738193198,Accepted
738193198,Completed
738193198,Completed
738194126,Accepted
738194126,Accepted
738194126,Completed
738197898,Queued
738197898,Accepted
738197898,Completed
738197898,Completed
738201631,Accepted
738201631,Accepted
738201631,Completed
738201900,Accepted
738201900,Accepted
738201900,Completed
738201900,Completed
738218731,Accepted
738218731,Accepted
738218731,Queued
738218731,Accepted
738218731,Queued
738218731,Accepted
738218731,Queued
738218731,Accepted
738218731,Queued
738218731,Accepted
738218731,Queued
738218731,Accepted
738218731,Accepted
738218731,Queued
738218731,Accepted
738218731,Accepted
738218731,Accepted
738218731,Accepted
738218731,Accepted
738218731,Completed
738218731,Completed
738221446,Accepted
738221446,Accepted
738221446,Completed
738221446,Completed
738233324,Accepted
738233324,Accepted
738233324,Completed
738236279,Accepted
738236279,Accepted
738236279,Completed
738236279,Completed
738244419,Accepted
738244419,Accepted
738244419,Completed
738244419,Completed
738260464,Accepted
738260464,Accepted
738260464,Queued
738260464,Accepted
738260464,Completed
738260464,Completed
738263211,Accepted
738263211,Accepted
738263211,Completed
738263211,Completed
738271571,Accepted
738271571,Accepted
738271571,Queued
738271571,Accepted
738271571,Accepted
738271571,Accepted
738271571,Completed
738271571,Accepted
738271571,Queued
738271571,Accepted
738271571,Queued
738271571,Accepted
738271571,Accepted
738271571,Accepted
738271571,Completed
738271571,Completed
738277030,Accepted
738277030,Accepted
738277030,Completed
738277270,Accepted
738277270,Accepted
738277270,Completed
738289102,Accepted
738289102,Accepted
738289102,Queued
738289102,Accepted
738289102,Accepted
738289102,Completed
738289102,Completed
738314138,Accepted
738314138,Accepted
738314138,Queued
738314138,Accepted
738314138,Queued
738314138,Accepted
738314138,Queued
738314138,Accepted
738314138,Queued
738314138,Accepted
738314138,Queued
738314138,Accepted
738314138,Accepted
738314138,Accepted
738314138,Accepted
738314138,Completed
738314138,Completed
738317040,Queued
738317040,Queued
738317040,Accepted
738317040,Queued
738317040,Accepted
738317040,Completed
738317040,Completed
738318421,Accepted
738318421,Accepted
738318421,Queued
738318421,Queued
738318421,Accepted
738318421,Queued
738318421,Accepted
738318421,Completed
738318421,Completed
738328062,Accepted
738328062,Accepted
738328062,Completed
738331385,Accepted
738331385,Accepted
738331385,Accepted
738331385,Queued
738331385,Accepted
738331385,Queued
738331385,Accepted
738331385,Queued
738331385,Accepted
738331385,Completed
738331385,Completed
738331898,Accepted
738331898,Accepted
738331898,Queued
738331898,Accepted
738331898,Accepted
738331898,Accepted
738331898,Queued
738331898,Accepted
738331898,Completed
738331898,Completed
738337231,Accepted
738337231,Accepted
738337231,Accepted
738337231,Accepted
738337231,Completed
738340653,Accepted
738340653,Accepted
738340653,Queued
738340653,Accepted
738340653,Accepted
738340653,Accepted
738340653,Completed
738340653,Completed
738347135,Accepted
738347135,Accepted
738347135,Completed
738354315,Accepted
738354315,Accepted
738354315,Queued
738354315,Accepted
738354315,Accepted
738354315,Accepted
738354315,Accepted
738354315,Accepted
738354315,Queued
738354315,Accepted
738354315,Accepted
738354315,Accepted
738354315,Accepted
738354315,Accepted
738354315,Accepted
738354315,Queued
738354315,Accepted
738354315,Queued
738354315,Accepted
738354315,Queued
738354315,Accepted
738354315,Accepted
738354315,Accepted
738354315,Completed
738354315,Completed
738367221,Queued
738367221,Accepted
738367221,Queued
738367221,Accepted
738367221,Queued
738367221,Queued
738367221,Accepted
738367221,Completed
738367221,Queued
738367221,Accepted
738367221,Completed
738367221,Completed
738367261,Queued
738367261,Accepted
738367261,Accepted
738367261,Queued
738367261,Accepted
738367261,Accepted
738367261,Accepted
738367261,Completed
738367261,Completed
738372919,Accepted
738372919,Accepted
738372919,Queued
738372919,Accepted
738372919,Completed
738372919,Completed
738372944,Accepted
738372944,Accepted
738372944,Accepted
738372944,Completed
738372944,Completed
738373131,Accepted
738373131,Accepted
738373131,Completed
738383119,Accepted
738383119,Accepted
738383119,Completed
738384158,Accepted
738384158,Accepted
738384158,Queued
738384158,Accepted
738384158,Accepted
738384158,Accepted
738384158,Accepted
738384158,Accepted
738384158,Accepted
738384158,Completed
738384158,Completed
738384552,Accepted
738384552,Accepted
738384552,Queued
738384552,Accepted
738384552,Accepted
738384552,Queued
738384552,Accepted
738384552,Accepted
738384552,Accepted
738384552,Queued
738384552,Accepted
738384552,Queued
738384552,Accepted
738384552,Accepted
738384552,Queued
738384552,Accepted
738384552,Accepted
738384552,Queued
738384552,Accepted
738384552,Accepted
738384552,Accepted
738384552,Accepted
738384552,Accepted
738384552,Accepted
738384552,Completed
738384552,Completed
738385370,Accepted
738385370,Accepted
738385370,Accepted
738385370,Completed
738385370,Completed
738400346,Accepted
738400346,Accepted
738400346,Completed
738408461,Accepted
738408461,Accepted
738408461,Accepted
738408461,Accepted
738408461,Accepted
738408461,Accepted
738408461,Queued
738408461,Accepted
738408461,Accepted
738408461,Accepted
738408461,Accepted
738408461,Accepted
738408461,Completed
738408461,Completed
738408533,Accepted
738408533,Accepted
738408533,Accepted
738408533,Accepted
738408533,Accepted
738408533,Accepted
738408533,Accepted
738408533,Accepted
738408533,Accepted
738408533,Accepted
738408533,Completed
738408533,Completed
738408693,Accepted
738408693,Accepted
738408693,Queued
738408693,Accepted
738408693,Accepted
738408693,Completed
738408693,Completed
738410356,Accepted
738410356,Accepted
738410356,Completed
738414941,Accepted
738414941,Accepted
738414941,Queued
738414941,Accepted
738414941,Accepted
738414941,Completed
738414941,Completed
738433574,Accepted
738433574,Accepted
738433574,Completed
738439012,Queued
738439012,Accepted
738439012,Completed
738439012,Completed
738456881,Accepted
738456881,Accepted
738456881,Completed
738456881,Completed
738458595,Accepted
738458595,Accepted
738458595,Completed
738458595,Completed
738462631,Accepted
738462631,Accepted
738462631,Completed
738475201,Accepted
738475201,Accepted
738475201,Queued
738475201,Accepted
738475201,Completed
738475201,Completed
738490593,Accepted
738490593,Accepted
738490593,Completed
738499306,Accepted
738499306,Accepted
738499306,Accepted
738499306,Queued
738499306,Accepted
738499306,Accepted
738499306,Accepted
738499306,Completed
738499306,Completed
738499557,Accepted
738499557,Accepted
738499557,Completed
738521200,Accepted
738521200,Accepted
738521200,Accepted
738521200,Accepted
738521200,Accepted
738521200,Accepted
738521200,Completed
738521200,Completed
738521720,Accepted
738521720,Accepted
738521720,Completed
738521971,Queued
738521971,Accepted
738521971,Queued
738521971,Accepted
738521971,Completed
738521971,Completed
738522031,Queued
738522031,Accepted
738522031,Queued
738522031,Accepted
738522031,Accepted
738522031,Accepted
738522031,Accepted
738522031,Completed
738522031,Completed
738527582,Accepted
738527582,Accepted
738527582,Queued
738527582,Accepted
738527582,Accepted
738527582,Completed
738527582,Completed
738527659,Accepted
738527659,Accepted
738527659,Completed
738527926,Queued
738527926,Accepted
738527926,Queued
738527926,Accepted
738527926,Completed
738527926,Completed
738527937,Queued
738527937,Accepted
738527937,Queued
738527937,Accepted
738527937,Completed
738527937,Completed
738537355,Accepted
738537355,Accepted
738537355,Completed
738537776,Accepted
738537776,Accepted
738537776,Queued
738537776,Accepted
738537776,Accepted
738537776,Accepted
738537776,Queued
738537776,Accepted
738537776,Completed
738537776,Completed
738551651,Queued
738551651,Accepted
738551651,Accepted
738551651,Accepted
738551651,Accepted
738551651,Accepted
738551651,Accepted
738551651,Queued
738551651,Accepted
738551651,Completed
738551651,Completed
738558435,Accepted
738558435,Accepted
738558435,Completed
738565786,Accepted
738565786,Accepted
738565786,Queued
738565786,Accepted
738565786,Accepted
738565786,Accepted
738565786,Queued
738565786,Accepted
738565786,Accepted
738565786,Accepted
738565786,Completed
738565786,Completed
738568317,Accepted
738568317,Accepted
738568317,Completed
738576928,Accepted
738576928,Accepted
738576928,Queued
738576928,Accepted
738576928,Accepted
738576928,Accepted
738576928,Accepted
738576928,Completed
738576928,Completed
738576931,Accepted
738576931,Accepted
738576931,Queued
738576931,Accepted
738576931,Accepted
738576931,Accepted
738576931,Accepted
738576931,Accepted
738576931,Accepted
738576931,Accepted
738576931,Accepted
738576931,Accepted
738576931,Accepted
738576931,Accepted
738576931,Accepted
738576931,Queued
738576931,Accepted
738576931,Accepted
738576931,Accepted
738576931,Accepted
738576931,Accepted
738576931,Accepted
738576931,Accepted
738576931,Completed
738576931,Completed
738583226,Accepted
738583226,Accepted
738583226,Accepted
738583226,Queued
738583226,Accepted
738583226,Completed
738583226,Completed
738597366,Accepted
738597366,Accepted
738597366,Completed
738600116,Accepted
738600116,Accepted
738600116,Completed
738609992,Accepted
738609992,Accepted
738609992,Completed
738612704,Accepted
738612704,Accepted
738612704,Queued
738612704,Accepted
738612704,Accepted
738612704,Completed
738612704,Completed
738619537,Accepted
738619537,Accepted
738619537,Completed
738621675,Accepted
738621675,Accepted
738621675,Completed
738621675,Completed
738624331,Accepted
738624331,Accepted
738624331,Completed
738631642,Accepted
738631642,Accepted
738631642,Accepted
738631642,Accepted
738631642,Completed
738649250,Accepted
738649250,Accepted
738649250,Queued
738649250,Accepted
738649250,Completed
738649250,Completed
738699397,Accepted
738699397,Accepted
738699397,Completed
738699512,Accepted
738699512,Accepted
738699512,Queued
738699512,Accepted
738699512,Completed
738699512,Completed
738706476,Accepted
738706476,Accepted
738706476,Accepted
738706476,Accepted
738706476,Accepted
738706476,Accepted
738706476,Completed
738706476,Completed
738717221,Accepted
738717221,Accepted
738717221,Accepted
738717221,Completed
738717221,Completed
738723584,Accepted
738723584,Accepted
738723584,Queued
738723584,Accepted
738723584,Completed
738723584,Completed
738725241,Accepted
738725241,Accepted
738725241,Queued
738725241,Accepted
738725241,Completed
738725241,Completed
738762332,Accepted
738762332,Accepted
738762332,Completed
738776597,Accepted
738776597,Accepted
738776597,Accepted
738776597,Completed
738776597,Completed
738778208,Accepted
738778208,Accepted
738778208,Queued
738778208,Accepted
738778208,Queued
738778208,Accepted
738778208,Accepted
738778208,Accepted
738778208,Completed
738778208,Completed
738779776,Accepted
738779776,Accepted
738779776,Completed
738779776,Completed
738800181,Accepted
738800181,Accepted
738800181,Completed
738800181,Completed
738801212,Accepted
738801212,Accepted
738801212,Accepted
738801212,Accepted
738801212,Completed
738801212,Completed
738801328,Accepted
738801328,Accepted
738801328,Completed
738805035,Accepted
738805035,Accepted
738805035,Queued
738805035,Accepted
738805035,Completed
738805035,Completed
738821433,Accepted
738821433,Accepted
738821433,Queued
738821433,Accepted
738821433,Accepted
738821433,Accepted
738821433,Completed
738821433,Completed
738821480,Accepted
738821480,Accepted
738821480,Queued
738821480,Accepted
738821480,Accepted
738821480,Completed
738821480,Completed
738821506,Accepted
738821506,Accepted
738821506,Completed
738847039,Queued
738847039,Accepted
738847039,Completed
738847039,Completed
738895230,Queued
738895230,Accepted
738895230,Queued
738895230,Accepted
738895230,Accepted
738895230,Accepted
738895230,Completed
738895230,Completed
738896121,Accepted
738896121,Accepted
738896121,Completed
738896121,Completed
739181713,Accepted
739181713,Accepted
739181713,Completed
739183018,Accepted
739183018,Accepted
739183018,Completed
739183018,Completed
739197153,Accepted
739197153,Accepted
739197153,Queued
739197153,Accepted
739197153,Accepted
739197153,Accepted
739197153,Accepted
739197153,Accepted
739197153,Accepted
739197153,Accepted
739197153,Accepted
739197153,Accepted
739197153,Completed
739197153,Completed
739198494,Queued
739198494,Accepted
739198494,Completed
739198494,Completed
739204273,Accepted
739204273,Accepted
739204273,Completed
739204273,Completed
739204657,Accepted
739204657,Accepted
739204657,Queued
739204657,Queued
739204657,Accepted
739204657,Accepted
739204657,Accepted
739204657,Accepted
739204657,Completed
739204657,Completed
739211294,Accepted
739211294,Accepted
739211294,Completed
739227550,Accepted
739227550,Accepted
739227550,Queued
739227550,Accepted
739227550,Accepted
739227550,Accepted
739227550,Accepted
739227550,Completed
739227550,Completed
739248008,Accepted
739248008,Accepted
739248008,Queued
739248008,Accepted
739248008,Completed
739248008,Completed
739254192,Accepted
739254192,Accepted
739254192,Completed
739271391,Accepted
739271391,Accepted
739271391,Accepted
739271391,Completed
739271391,Completed
739273944,Accepted
739273944,Accepted
739273944,Completed
739275992,Accepted
739275992,Accepted
739275992,Completed
739289835,Accepted
739289835,Accepted
739289835,Completed
739292748,Accepted
739292748,Accepted
739292748,Completed
739292748,Completed
739292964,Accepted
739292964,Accepted
739292964,Queued
739292964,Accepted
739292964,Accepted
739292964,Queued
739292964,Accepted
739292964,Queued
739292964,Accepted
739292964,Accepted
739292964,Accepted
739292964,Queued
739292964,Accepted
739292964,Queued
739292964,Accepted
739292964,Queued
739292964,Accepted
739292964,Accepted
739292964,Completed
739292964,Completed
739306552,Accepted
739306552,Accepted
739306552,Completed
739306552,Completed
739309009,Accepted
739309009,Accepted
739309009,Accepted
739309009,Accepted
739309009,Queued
739309009,Accepted
739309009,Queued
739309009,Accepted
739309009,Accepted
739309009,Accepted
739309009,Queued
739309009,Accepted
739309009,Queued
739309009,Accepted
739309009,Accepted
739309009,Accepted
739309009,Queued
739309009,Accepted
739309009,Queued
739309009,Accepted
739309009,Accepted
739309009,Accepted
739309009,Queued
739309009,Accepted
739309009,Queued
739309009,Accepted
739309009,Completed
739309009,Completed
739359552,Accepted
739359552,Accepted
739359552,Completed
739368865,Accepted
739368865,Accepted
739368865,Completed
739371600,Accepted
739371600,Accepted
739371600,Completed
739384871,Accepted
739384871,Accepted
739384871,Completed
739385451,Accepted
739385451,Accepted
739385451,Queued
739385451,Accepted
739385451,Queued
739385451,Accepted
739385451,Accepted
739385451,Completed
739385451,Completed
739400227,Accepted
739400227,Accepted
739400227,Queued
739400227,Accepted
739400227,Queued
739400227,Accepted
739400227,Queued
739400227,Accepted
739400227,Queued
739400227,Accepted
739400227,Accepted
739400227,Completed
739400227,Completed
739409551,Queued
739409551,Accepted
739409551,Completed
739409551,Completed
739409937,Accepted
739409937,Accepted
739409937,Completed
739412416,Accepted
739412416,Accepted
739412416,Completed
739425191,Queued
739425191,Accepted
739425191,Queued
739425191,Accepted
739425191,Completed
739425191,Completed
739426614,Accepted
739426614,Accepted
739426614,Completed
739435821,Accepted
739435821,Accepted
739435821,Completed
739435821,Completed
739454164,Accepted
739454164,Accepted
739454164,Queued
739454164,Accepted
739454164,Queued
739454164,Accepted
739454164,Accepted
739454164,Accepted
739454164,Queued
739454164,Accepted
739454164,Queued
739454164,Accepted
739454164,Completed
739454164,Completed
739474521,Accepted
739474521,Accepted
739474521,Completed
739483599,Accepted
739483599,Accepted
739483599,Completed
739493965,Accepted
739493965,Accepted
739493965,Completed
739494179,Accepted
739494179,Accepted
739494179,Accepted
739494179,Queued
739494179,Queued
739494179,Accepted
739494179,Queued
739494179,Accepted
739494179,Completed
739494179,Completed
739506803,Accepted
739506803,Accepted
739506803,Queued
739506803,Accepted
739506803,Queued
739506803,Accepted
739506803,Accepted
739506803,Queued
739506803,Accepted
739506803,Queued
739506803,Accepted
739506803,Completed
739506803,Completed
739523929,Accepted
739523929,Accepted
739523929,Completed
739524121,Accepted
739524121,Accepted
739524121,Completed
739525375,Accepted
739525375,Accepted
739525375,Accepted
739525375,Completed
739525375,Completed
739533159,Accepted
739533159,Accepted
739533159,Completed
739533159,Completed
739541864,Accepted
739541864,Accepted
739541864,Queued
739541864,Accepted
739541864,Completed
739541864,Completed
739543046,Accepted
739543046,Accepted
739543046,Accepted
739543046,Accepted
739543046,Accepted
739543046,Accepted
739543046,Queued
739543046,Queued
739543046,Accepted
739543046,Accepted
739543046,Completed
739543046,Completed
739543267,Accepted
739543267,Accepted
739543267,Accepted
739543267,Completed
739551491,Accepted
739551491,Accepted
739551491,Completed
739551721,Accepted
739551721,Accepted
739551721,Completed
739560021,Queued
739560021,Queued
739560021,Accepted
739560021,Queued
739560021,Accepted
739560021,Accepted
739560021,Accepted
739560021,Accepted
739560021,Completed
739560021,Completed
739566283,Accepted
739566283,Accepted
739566283,Completed
739569771,Accepted
739569771,Accepted
739569771,Queued
739569771,Accepted
739569771,Completed
739569771,Completed
739595196,Accepted
739595196,Accepted
739595196,Completed
739599194,Accepted
739599194,Accepted
739599194,Completed
739604586,Queued
739604586,Accepted
739604586,Queued
739604586,Accepted
739604586,Completed
739604586,Completed
739606924,Accepted
739606924,Accepted
739606924,Accepted
739606924,Completed
739646546,Accepted
739646546,Accepted
739646546,Completed
739658999,Accepted
739658999,Accepted
739658999,Queued
739658999,Accepted
739658999,Queued
739658999,Accepted
739658999,Queued
739658999,Accepted
739658999,Accepted
739658999,Accepted
739658999,Accepted
739658999,Completed
739658999,Completed
739696604,Accepted
739696604,Accepted
739696604,Completed
739696708,Accepted
739696708,Accepted
739696708,Queued
739696708,Accepted
739696708,Accepted
739696708,Completed
739696708,Completed
739711400,Accepted
739711400,Accepted
739711400,Completed
739712558,Accepted
739712558,Accepted
739712558,Completed
739712794,Accepted
739712794,Accepted
739712794,Accepted
739712794,Accepted
739712794,Completed
739736468,Queued
739736468,Accepted
739736468,Queued
739736468,Accepted
739736468,Completed
739736468,Completed
739748101,Queued
739748101,Accepted
739748101,Accepted
739748101,Queued
739748101,Accepted
739748101,Accepted
739748101,Completed
739748101,Completed
739748131,Queued
739748131,Accepted
739748131,Completed
739748131,Completed
739749717,Accepted
739749717,Accepted
739749717,Completed
739755182,Accepted
739755182,Accepted
739755182,Accepted
739755182,Accepted
739755182,Completed
739821151,Accepted
739821151,Accepted
739821151,Completed
739821347,Accepted
739821347,Accepted
739821347,Queued
739821347,Accepted
739821347,Queued
739821347,Accepted
739821347,Accepted
739821347,Queued
739821347,Accepted
739821347,Accepted
739821347,Accepted
739821347,Completed
739821347,Completed
739829448,Queued
739829448,Accepted
739829448,Completed
739829448,Accepted
739829448,Completed
739829448,Completed
740292465,Queued
740292465,Accepted
740292465,Completed
740292465,Completed
740300861,Accepted
740300861,Accepted
740300861,Queued
740300861,Accepted
740300861,Accepted
740300861,Accepted
740300861,Completed
740300861,Completed
740328401,Accepted
740328401,Accepted
740328401,Completed
740328458,Accepted
740328458,Accepted
740328458,Queued
740328458,Accepted
740328458,Accepted
740328458,Accepted
740328458,Completed
740328458,Completed
740340681,Accepted
740340681,Accepted
740340681,Accepted
740340681,Completed
740340681,Completed
740342805,Accepted
740342805,Accepted
740342805,Queued
740342805,Accepted
740342805,Accepted
740342805,Completed
740342805,Completed
740368015,Accepted
740368015,Accepted
740368015,Completed
740384182,Accepted
740384182,Accepted
740384182,Queued
740384182,Accepted
740384182,Queued
740384182,Accepted
740384182,Completed
740384182,Completed
740394864,Accepted
740394864,Accepted
740394864,Completed
740394864,Completed
740398780,Accepted
740398780,Accepted
740398780,Completed
740404027,Accepted
740404027,Accepted
740404027,Queued
740404027,Accepted
740404027,Accepted
740404027,Queued
740404027,Accepted
740404027,Completed
740404027,Completed
740404890,Accepted
740404890,Accepted
740404890,Completed
740413759,Accepted
740413759,Accepted
740413759,Queued
740413759,Accepted
740413759,Queued
740413759,Accepted
740413759,Accepted
740413759,Accepted
740413759,Accepted
740413759,Accepted
740413759,Completed
740413759,Completed
740423567,Accepted
740423567,Accepted
740423567,Queued
740423567,Accepted
740423567,Accepted
740423567,Accepted
740423567,Accepted
740423567,Completed
740423567,Accepted
740423567,Accepted
740423567,Completed
740423567,Completed
740434999,Accepted
740434999,Accepted
740434999,Accepted
740434999,Queued
740434999,Accepted
740434999,Queued
740434999,Accepted
740434999,Queued
740434999,Accepted
740434999,Accepted
740434999,Accepted
740434999,Accepted
740434999,Accepted
740434999,Completed
740434999,Completed
740434999,Queued
740434999,Accepted
740434999,Accepted
740434999,Accepted
740434999,Accepted
740434999,Accepted
740434999,Accepted
740434999,Accepted
740434999,Completed
740434999,Completed
740435284,Accepted
740435284,Accepted
740435284,Completed
740435284,Completed
740439355,Accepted
740439355,Accepted
740439355,Queued
740439355,Accepted
740439355,Accepted
740439355,Accepted
740439355,Accepted
740439355,Accepted
740439355,Accepted
740439355,Completed
740439355,Completed
740443901,Accepted
740443901,Accepted
740443901,Queued
740443901,Accepted
740443901,Accepted
740443901,Accepted
740443901,Completed
740443901,Completed
740460019,Accepted
740460019,Accepted
740460019,Queued
740460019,Accepted
740460019,Accepted
740460019,Accepted
740460019,Accepted
740460019,Accepted
740460019,Completed
740460019,Completed
740462311,Accepted
740462311,Completed
740471440,Accepted
740471440,Accepted
740471440,Completed
740493551,Queued
740493551,Accepted
740493551,Queued
740493551,Accepted
740493551,Completed
740493551,Completed
740529442,Accepted
740529442,Accepted
740529442,Completed
740532923,Accepted
740532923,Accepted
740532923,Completed
740533626,Accepted
740533626,Accepted
740533626,Completed
740533626,Completed
740534446,Accepted
740534446,Accepted
740534446,Queued
740534446,Accepted
740534446,Accepted
740534446,Accepted
740534446,Completed
740534446,Completed
740534878,Accepted
740534878,Accepted
740534878,Queued
740534878,Accepted
740534878,Accepted
740534878,Completed
740534878,Completed
740537324,Accepted
740537324,Accepted
740537324,Completed
740538135,Accepted
740538135,Accepted
740538135,Queued
740538135,Accepted
740538135,Accepted
740538135,Accepted
740538135,Completed
740538135,Completed
740538543,Accepted
740538543,Accepted
740538543,Queued
740538543,Queued
740538543,Accepted
740538543,Queued
740538543,Accepted
740538543,Completed
740538543,Completed
740542342,Accepted
740542342,Accepted
740542342,Queued
740542342,Accepted
740542342,Completed
740542342,Completed
740566576,Accepted
740566576,Accepted
740566576,Completed
740580949,Accepted
740580949,Accepted
740580949,Queued
740580949,Accepted
740580949,Accepted
740580949,Accepted
740580949,Completed
740580949,Completed
740585356,Accepted
740585356,Accepted
740585356,Accepted
740585356,Accepted
740585356,Completed
740595137,Accepted
740595137,Accepted
740595137,Accepted
740595137,Completed
740595137,Completed
740604620,Queued
740604620,Accepted
740604620,Completed
740604620,Completed
740604843,Queued
740604843,Accepted
740604843,Completed
740604843,Completed
740610543,Accepted
740610543,Accepted
740610543,Completed
740617320,Accepted
740617320,Accepted
740617320,Completed
740632403,Accepted
740632403,Accepted
740632403,Queued
740632403,Accepted
740632403,Completed
740632403,Completed
740633433,Accepted
740633433,Accepted
740633433,Completed
740638451,Accepted
740638451,Accepted
740638451,Accepted
740638451,Accepted
740638451,Completed
740638451,Completed
740639015,Accepted
740639015,Accepted
740639015,Queued
740639015,Accepted
740639015,Accepted
740639015,Completed
740639015,Completed
740641078,Accepted
740641078,Accepted
740641078,Queued
740641078,Accepted
740641078,Queued
740641078,Accepted
740641078,Queued
740641078,Accepted
740641078,Accepted
740641078,Accepted
740641078,Accepted
740641078,Accepted
740641078,Accepted
740641078,Accepted
740641078,Completed
740641078,Completed
740642387,Accepted
740642387,Accepted
740642387,Completed
740655725,Accepted
740655725,Accepted
740655725,Completed
740661914,Accepted
740661914,Accepted
740661914,Completed
740661914,Completed
740662341,Accepted
740662341,Accepted
740662341,Completed
740680255,Accepted
740680255,Accepted
740680255,Accepted
740680255,Completed
740680255,Completed
740681032,Accepted
740681032,Accepted
740681032,Completed
740684121,Accepted
740684121,Accepted
740684121,Accepted
740684121,Accepted
740684121,Completed
740684121,Completed
740703573,Accepted
740703573,Accepted
740703573,Accepted
740703573,Queued
740703573,Accepted
740703573,Queued
740703573,Accepted
740703573,Accepted
740703573,Completed
740703573,Completed
740706918,Accepted
740706918,Accepted
740706918,Completed
740706918,Completed
740707112,Accepted
740707112,Accepted
740707112,Completed
740715079,Accepted
740715079,Accepted
740715079,Completed
740723138,Accepted
740723138,Accepted
740723138,Queued
740723138,Accepted
740723138,Completed
740723138,Completed
740726055,Accepted
740726055,Accepted
740726055,Queued
740726055,Accepted
740726055,Completed
740726055,Completed
740731990,Accepted
740731990,Accepted
740731990,Completed
740744927,Accepted
740744927,Accepted
740744927,Accepted
740744927,Queued
740744927,Accepted
740744927,Accepted
740744927,Completed
740744927,Completed
740791756,Accepted
740791756,Accepted
740791756,Completed
740791756,Accepted
740791756,Queued
740791756,Accepted
740791756,Queued
740791756,Accepted
740791756,Accepted
740791756,Accepted
740791756,Accepted
740791756,Queued
740791756,Accepted
740791756,Completed
740791756,Completed
740811922,Accepted
740811922,Accepted
740811922,Queued
740811922,Accepted
740811922,Accepted
740811922,Accepted
740811922,Queued
740811922,Accepted
740811922,Accepted
740811922,Completed
740811922,Completed
740812736,Accepted
740812736,Accepted
740812736,Accepted
740812736,Completed
740812736,Completed
740814456,Accepted
740814456,Accepted
740814456,Queued
740814456,Accepted
740814456,Accepted
740814456,Accepted
740814456,Accepted
740814456,Completed
740814456,Completed
740835229,Accepted
740835229,Accepted
740835229,Completed
740846470,Accepted
740846470,Accepted
740846470,Completed
